-0.0078125
0.0078125
0.0234375
0.015625
-0.0703125
-0.0859375
0.078125
0.046875
-0.15625
0.0546875
0.125
-0.0234375
0.0390625
-0.0078125
-0.0703125
-0.03125
0
0.03125
0
-0.0859375
0.015625
0.046875
-0.0546875
0.046875
-0.0625
0.078125
-0.0078125
0.0078125
0.0234375
-0.03125
-0.15625
0.3125
-0.0625
0.429688
-0.515625
-0.421875
0.171875
-0.109375
0.539063
0.101563
-0.304688
0.21875
0.0234375
0.0390625
-0.109375
0.03125
-0.203125
-0.0859375
-0.421875
0.234375
-0.0234375
0.265625
0.273438
-0.0390625
-0.359375
0.265625
-0.375
-0.25
0.382813
-0.015625
0.195313
-0.0234375
0.078125
-0.28125
0
-0.0546875
-0.257813
0.40625
-0.726563
0.1875
0.4375
-0.148438
0.429688
-0.164063
0.109375
-0.367188
-0.046875
0.242188
-0.0859375
0.117188
0.0703125
-0.359375
-0.0078125
0.21875
0.164063
0.0703125
-0.132813
0.304688
-0.25
-0.140625
0.109375
-0.101563
-0.28125
0.046875
-0.117188
-0.015625
-0.140625
0.296875
0.15625
0.0859375
0
-0.117188
0.1875
-0.289063
-0.132813
-0.125
0.117188
-0.140625
0.09375
0.0234375
-0.273438
0
-0.0078125
0.015625
0.296875
0.09375
0
0.03125
-0.15625
-0.164063
0.242188
-0.21875
0.0390625
0.0078125
-0.0625
-0.0078125
0.226563
-0.1875
-0.0078125
0.210938
0.046875
-0.320313
0.0703125
-0.125
0.273438
0.09375
-0.117188
0.21875
-0.257813
0.0546875
0.0703125
-0.0078125
-0.195313
-0.328125
0.265625
-0.234375
-0.125
-0.03125
0.5
0.046875
-0.140625
0.125
0.15625
-0.414063
-0.078125
0.046875
-0.03125
0.164063
0.15625
-0.203125
-0.203125
0.179688
0.0546875
-0.171875
0.0859375
-0.367188
0.0703125
0.53125
-0.328125
0.4375
-0.125
-0.117188
-0.164063
-0.0625
-0.0390625
0.117188
0.117188
0.15625
-0.132813
0.0078125
0.0078125
0.117188
0.0234375
-0.0234375
0.0859375
-0.0703125
-0.4375
-0.0859375
-0.0078125
-0.0625
-0.046875
0.117188
-0.109375
-0.4375
0.351563
0.078125
0.375
0.148438
-0.28125
0.109375
-0.3125
-0.078125
0.015625
0.0625
-0.046875
-0.03125
0.0625
-0.148438
0
0.0390625
0.046875
0.390625
-0.046875
0.0859375
-0.015625
-0.210938
0.125
-0.0234375
-0.0546875
0.015625
0.078125
0.429688
-0.3125
0.53125
-0.171875
-0.15625
0.226563
-0.0859375
-0.25
-0.34375
-0.304688
-0.03125
-0.328125
-0.03125
0.65625
0.0625
-0.476563
0.414063
-0.0546875
-0.492188
0.046875
0.03125
0.117188
0.09375
-0.171875
-0.515625
0.492188
-0.109375
-0.0703125
0.53125
-0.46875
-0.0625
0.101563
0.25
-0.195313
0.507813
0.0078125
-0.414063
0.0703125
-0.195313
0.335938
0.03125
-0.0546875
0.242188
-0.101563
0.171875
0.242188
-0.0859375
0.1875
-0.234375
-0.0234375
-0.109375
-0.3125
0.25
-0.03125
-0.179688
0.109375
-0.445313
0.0703125
-0.101563
0.046875
0.179688
-0.0625
-0.171875
0.078125
-0.0546875
-0.0390625
-0.140625
0.0625
-0.0703125
-0.398438
-0.0859375
0.015625
-0.320313
-0.046875
0.21875
-0.09375
0.304688
0.460938
0.25
0.015625
-0.15625
-0.0625
0.148438
-0.0625
-0.273438
0.03125
-0.03125
0.125
0.414063
-0.0703125
0.273438
-0.140625
0.09375
-0.015625
0.304688
-0.28125
0.0703125
-0.125
-0.421875
0.21875
-0.210938
0.5
0.0625
-0.601563
0.078125
-0.3125
0.078125
-0.015625
0.203125
-0.125
0.0703125
0.0390625
-0.351563
0.273438
-0.03125
-0.09375
-0.148438
-0.460938
-0.265625
-0.046875
0.625
-0.328125
0.34375
0.0625
-0.171875
-0.0859375
-0.265625
0.429688
0.0078125
-0.0625
0.171875
-0.296875
0.179688
0.515625
-0.0703125
0
-0.125
0.15625
0
-0.117188
0.078125
-0.0234375
-0.15625
-0.0390625
-0.125
0.109375
-0.210938
-0.0390625
0.257813
-0.046875
0.0625
0.34375
0.03125
-0.335938
-0.296875
-0.125
-0.179688
-0.148438
-0.21875
-0.109375
-0.15625
-0.0234375
0.21875
0.203125
0.570313
0.0546875
-0.0625
-0.0625
-0.46875
0.0859375
0.289063
-0.492188
-0.0859375
0.0859375
-0.0390625
0.421875
0.273438
-0.03125
0.148438
0.359375
-0.0703125
-0.078125
0.21875
-0.375
0.289063
-0.476563
-0.15625
0.328125
0.226563
0.0625
-0.0390625
-0.21875
-0.046875
-0.476563
-0.335938
0.296875
0
0.046875
0.0625
0.132813
-0.242188
0.171875
0.0546875
-0.460938
0.0703125
-0.5
-0.109375
0.179688
0.132813
0.101563
-0.132813
0.117188
-0.203125
-0.03125
0.203125
0.125
0.289063
0.289063
-0.304688
0.03125
0.015625
0.1875
-0.117188
-0.453125
0.226563
0.015625
-0.117188
0.226563
0.132813
0.0703125
-0.1875
0.132813
-0.179688
-0.25
0.257813
-0.03125
-0.078125
-0.078125
0.0234375
0.382813
-0.3125
-0.117188
-0.109375
-0.179688
-0.25
0
-0.0546875
-0.046875
0.0078125
-0.164063
0.125
0.5
0.21875
0.101563
0.117188
-0.539063
-0.179688
0.21875
-0.078125
-0.179688
0.015625
0.0078125
-0.0234375
0.28125
0.164063
-0.0625
0.335938
0.0390625
-0.164063
0.1875
-0.164063
0.226563
0.03125
-0.71875
0.289063
-0.132813
0.117188
0.140625
-0.03125
-0.515625
0.179688
-0.203125
-0.320313
0.484375
-0.140625
0.304688
0.03125
0.0625
-0.21875
0.0703125
0.0859375
-0.53125
0.140625
-0.648438
-0.0859375
0.554688
-0.0859375
0.304688
-0.0625
0.25
-0.421875
0.140625
0.140625
0.132813
0.257813
-0.101563
-0.414063
0.046875
0.101563
0
-0.242188
-0.203125
0.320313
0.15625
-0.015625
0.1875
0.0078125
-0.21875
0.0703125
-0.234375
-0.171875
-0.171875
0.226563
-0.242188
-0.0078125
0.25
0.148438
0.304688
-0.242188
-0.210938
-0.351563
-0.0546875
-0.109375
-0.195313
0.109375
0.078125
-0.046875
0.0078125
0.179688
0.5
0.203125
0.0546875
-0.0859375
-0.296875
-0.21875
0.179688
-0.0703125
-0.273438
0.171875
0.132813
0.03125
0.3125
-0.03125
0.210938
0.210938
-0.046875
-0.046875
-0.0078125
-0.328125
-0.0390625
-0.078125
-0.21875
-0.148438
0.148438
0.539063
-0.296875
-0.25
0.0078125
-0.273438
-0.101563
-0.015625
0.289063
-0.101563
0.203125
-0.109375
-0.265625
0.164063
0.0625
-0.0390625
0.0234375
-0.515625
0.046875
0.0234375
0.28125
-0.351563
0.453125
-0.0390625
-0.0703125
0.117188
-0.109375
0.34375
0.109375
0.21875
-0.140625
-0.429688
-0.03125
0.320313
-0.09375
-0.195313
-0.101563
0.242188
-0.234375
-0.0078125
0.3125
-0.0703125
-0.0703125
0.0390625
-0.382813
-0.148438
0.0390625
0.15625
-0.148438
-0.078125
0.0546875
0.109375
0.15625
-0.117188
-0.195313
-0.09375
-0.0703125
-0.25
-0.117188
0.226563
-0.101563
0
0.0703125
0.132813
0.492188
0.226563
0.0546875
-0.0546875
-0.359375
-0.0625
0.203125
-0.0390625
-0.179688
0.140625
0.0546875
0.046875
0.359375
-0.0234375
0.0625
0.203125
-0.148438
-0.171875
0.117188
-0.25
0.179688
0.0546875
-0.742188
0.234375
-0.09375
0.289063
-0.101563
-0.078125
-0.265625
-0.109375
0.015625
-0.523438
0.46875
-0.140625
0.195313
0.015625
-0.03125
-0.140625
0.171875
0.140625
-0.359375
-0.0859375
-0.359375
-0.21875
0.539063
-0.289063
0.585938
0.078125
0.117188
-0.195313
0.117188
0.273438
0.0234375
0.25
-0.210938
-0.476563
0.09375
0.210938
-0.101563
-0.109375
-0.117188
0.304688
-0.125
0.03125
0.15625
-0.0078125
-0.25
0.03125
-0.375
-0.078125
-0.226563
0.117188
-0.0859375
-0.0625
0.179688
0.226563
0.195313
-0.335938
-0.171875
-0.179688
-0.0703125
-0.09375
-0.257813
0.148438
-0.0390625
-0.09375
0.0859375
0.171875
0.648438
0.148438
0.101563
-0.0234375
-0.289063
0.0234375
0.273438
-0.234375
-0.140625
0.140625
0.0546875
0.21875
0.3125
-0.0859375
0.203125
0.1875
-0.148438
-0.1875
0.046875
-0.375
0.3125
-0.4375
-0.0546875
0.03125
-0.015625
0.40625
-0.265625
-0.460938
0.273438
-0.640625
-0.367188
0.25
0.117188
0.0625
0.0390625
0.117188
-0.34375
0.164063
0.210938
-0.34375
0.242188
-0.640625
0.101563
0.148438
0.140625
0.03125
0.265625
0.140625
-0.21875
0.257813
0
0.367188
0.15625
0.140625
-0.476563
-0.148438
0.0234375
0.34375
-0.140625
-0.15625
0.09375
0.0390625
-0.03125
0.0859375
0.101563
-0.0234375
-0.335938
0.015625
-0.414063
-0.03125
0.15625
-0.0703125
-0.046875
-0.210938
-0.03125
0.328125
-0.046875
-0.132813
-0.140625
-0.125
-0.148438
-0.203125
-0.09375
0.15625
-0.117188
-0.171875
0.234375
0.304688
0.40625
0.390625
0.0859375
-0.273438
-0.15625
-0.015625
0.0859375
-0.03125
-0.132813
0.25
0.03125
0.203125
0.320313
-0.25
0.4375
-0.0859375
-0.132813
-0.046875
0.101563
-0.390625
0.257813
-0.0859375
-0.382813
0.09375
-0.0859375
0.367188
-0.148438
-0.601563
0.148438
-0.429688
0.0546875
-0.296875
0.3125
-0.140625
0.257813
-0.0625
-0.210938
0.09375
0.234375
-0.0546875
-0.28125
-0.273438
-0.21875
-0.210938
0.515625
-0.289063
0.585938
0.015625
0.140625
-0.179688
0.0546875
0.351563
-0.046875
0.226563
-0.117188
-0.46875
0.171875
0.304688
-0.0625
-0.125
-0.125
0.289063
-0.117188
0.0390625
0.148438
-0.0234375
-0.195313
0.03125
-0.367188
-0.0859375
-0.234375
0.195313
-0.234375
-0.0234375
0.15625
0.179688
0.328125
-0.273438
-0.15625
-0.273438
-0.078125
-0.203125
-0.25
0.164063
-0.0390625
-0.101563
-0.0625
0.226563
0.546875
0.195313
0.15625
0.0859375
-0.445313
-0.15625
0.210938
-0.0625
-0.179688
0.203125
0.0390625
0.101563
0.335938
-0.125
0.226563
0.210938
-0.046875
-0.0859375
-0.117188
-0.25
0.101563
0.046875
-0.28125
-0.148438
0.09375
0.5
-0.335938
-0.242188
0.015625
-0.25
-0.234375
-0.273438
0.398438
-0.179688
0.359375
-0.171875
-0.125
0.0546875
0.03125
0.0859375
-0.0859375
-0.4375
-0.109375
-0.148438
0.375
-0.257813
0.507813
0
0.0234375
-0.0390625
-0.0859375
0.34375
-0.0078125
0.320313
-0.046875
-0.53125
0.078125
0.21875
0.015625
-0.09375
-0.3125
0.3125
-0.171875
-0.0390625
0.351563
-0.078125
-0.0625
-0.09375
-0.25
-0.164063
-0.0859375
0.179688
-0.171875
-0.0859375
0.09375
0.046875
0.351563
-0.195313
-0.195313
-0.117188
-0.0703125
-0.375
-0.0703125
0.203125
-0.179688
0.0078125
-0.0078125
0.140625
0.554688
0.304688
0.109375
0.0703125
-0.398438
-0.132813
0.210938
-0.015625
-0.132813
0.078125
0.132813
0.0078125
0.257813
0.0703125
-0.0390625
0.257813
-0.0234375
-0.21875
0.046875
-0.210938
0.265625
0.0234375
-0.671875
0.320313
-0.132813
0.226563
-0.078125
-0.0625
-0.460938
0.09375
-0.179688
-0.546875
0.5
-0.25
0.296875
-0.0390625
0.0390625
-0.1875
0.179688
0.179688
-0.539063
0.132813
-0.539063
-0.117188
0.523438
-0.21875
0.445313
0.078125
0.171875
-0.367188
0.1875
0.164063
0.109375
0.335938
-0.179688
-0.484375
0.101563
0.117188
0.148438
-0.21875
-0.171875
0.335938
-0.171875
0.101563
0.125
0.0390625
-0.1875
0.03125
-0.320313
-0.164063
-0.21875
0.234375
-0.296875
0.046875
0.15625
0.140625
0.351563
-0.28125
-0.140625
-0.3125
-0.0234375
-0.148438
-0.226563
0.140625
0
-0.125
-0.0390625
0.25
0.5
0.265625
0.164063
0.015625
-0.4375
-0.15625
0.25
-0.0390625
-0.210938
0.1875
0.0390625
0.125
0.28125
-0.0859375
0.21875
0.257813
-0.0625
-0.15625
-0.148438
-0.164063
0.0234375
0.0703125
-0.328125
-0.25
0.117188
0.492188
-0.34375
-0.289063
0.0859375
-0.320313
-0.210938
-0.1875
0.367188
-0.179688
0.351563
-0.203125
-0.234375
0.101563
0.0390625
0.117188
-0.078125
-0.460938
-0.078125
-0.164063
0.429688
-0.304688
0.492188
0.0546875
-0.015625
-0.0078125
-0.0625
0.398438
0.0234375
0.304688
-0.101563
-0.5
0.09375
0.226563
-0.0546875
-0.078125
-0.21875
0.304688
-0.148438
-0.0859375
0.328125
-0.0703125
-0.148438
-0.0078125
-0.28125
-0.117188
-0.0625
0.09375
-0.109375
-0.195313
0.09375
0.148438
0.179688
-0.179688
-0.164063
-0.148438
-0.0859375
-0.375
-0.0546875
0.265625
-0.234375
-0.0390625
0.109375
0.125
0.53125
0.335938
0.0703125
-0.015625
-0.359375
-0.125
0.179688
0.015625
-0.09375
0.195313
0.0390625
0.0859375
0.289063
-0.109375
0.234375
0.0625
-0.0078125
-0.1875
0.0546875
-0.34375
0.351563
0.015625
-0.679688
0.304688
-0.203125
0.359375
-0.164063
-0.328125
0.0078125
-0.179688
0.0078125
-0.53125
0.382813
-0.21875
0.296875
-0.09375
-0.09375
-0.046875
0.234375
0.015625
-0.398438
-0.0546875
-0.367188
-0.195313
0.53125
-0.304688
0.578125
0.046875
0.179688
-0.257813
0.101563
0.320313
-0.0546875
0.304688
-0.234375
-0.46875
0.164063
0.179688
0.015625
-0.148438
-0.117188
0.320313
-0.15625
0.0625
0.164063
0.03125
-0.210938
0.101563
-0.398438
-0.0859375
-0.257813
0.1875
-0.289063
-0.015625
0.179688
0.148438
0.3125
-0.3125
-0.15625
-0.265625
-0.03125
-0.179688
-0.21875
0.171875
-0.0546875
-0.101563
-0.0390625
0.265625
0.53125
0.210938
0.148438
-0.0078125
-0.382813
-0.171875
0.234375
0.015625
-0.171875
0.179688
0.09375
0.0859375
0.3125
-0.03125
0.21875
0.1875
-0.0234375
-0.109375
-0.140625
-0.132813
-0.078125
0.164063
-0.421875
-0.171875
0.125
0.40625
-0.1875
-0.171875
-0.15625
-0.0078125
-0.3125
-0.390625
0.390625
-0.21875
0.289063
-0.171875
0.0078125
-0.0703125
0.09375
0.25
-0.382813
-0.148438
-0.390625
-0.101563
0.421875
-0.21875
0.375
0.117188
0.171875
-0.226563
0.09375
0.265625
0.078125
0.328125
0.015625
-0.59375
0.078125
0.09375
0.234375
-0.164063
-0.335938
0.398438
-0.203125
0
0.265625
0
0.101563
-0.273438
-0.0625
-0.375
-0.125
0.265625
-0.28125
0.0546875
-0.078125
-0.0625
0.5625
-0.28125
-0.179688
-0.117188
-0.140625
-0.335938
-0.125
0.0703125
-0.0078125
-0.03125
-0.164063
0.1875
0.484375
0.34375
0.335938
0.09375
-0.554688
-0.0859375
0.117188
0.0546875
-0.015625
-0.15625
0.304688
-0.0390625
0.179688
0.382813
-0.265625
0.65625
-0.0859375
-0.226563
-0.046875
0.0234375
-0.0859375
0.0390625
-0.460938
0.132813
-0.203125
0.0546875
0.328125
0.125
-1
0.59375
-0.742188
-0.359375
0.375
-0.117188
0.21875
0.179688
0.1875
-0.625
0.257813
0.375
-0.65625
0.375
-0.984375
0.078125
0.304688
0.0859375
0.0078125
0.429688
0.21875
-0.359375
0.28125
-0.09375
0.414063
0.257813
-0.234375
-0.328125
-0.078125
0.0390625
0.414063
-0.335938
-0.148438
0.320313
-0.148438
0.15625
0.0078125
0.148438
-0.117188
-0.0703125
-0.242188
-0.40625
-0.03125
0.1875
-0.46875
0.148438
0.046875
0.046875
0.453125
-0.226563
-0.210938
-0.351563
0.046875
-0.1875
-0.226563
0.0546875
0.03125
-0.148438
-0.101563
0.351563
0.421875
0.414063
0.25
-0.0078125
-0.40625
-0.234375
0.21875
0.0546875
-0.242188
0.148438
0.09375
0.117188
0.3125
0.0234375
0.164063
0.242188
0.0234375
-0.171875
-0.203125
-0.125
-0.109375
0.203125
-0.507813
-0.179688
0.171875
0.476563
-0.28125
-0.242188
-0.125
-0.117188
-0.382813
-0.320313
0.445313
-0.257813
0.40625
-0.226563
-0.171875
0.0546875
0.0234375
0.179688
-0.179688
-0.484375
-0.140625
-0.0859375
0.445313
-0.34375
0.578125
0.0390625
0.03125
-0.078125
-0.03125
0.429688
0.03125
0.34375
-0.101563
-0.601563
0.125
0.257813
0.0234375
-0.0625
-0.375
0.367188
-0.203125
-0.0546875
0.351563
-0.046875
-0.0859375
-0.0390625
-0.257813
-0.242188
-0.132813
0.234375
-0.257813
-0.132813
0.0625
0.0625
0.34375
-0.195313
-0.234375
-0.148438
-0.0625
-0.382813
-0.125
0.257813
-0.203125
-0.03125
0.0390625
0.15625
0.585938
0.375
0.117188
-0.0078125
-0.460938
-0.132813
0.234375
-0.0390625
-0.101563
0.21875
0.101563
0.0703125
0.3125
-0.0234375
0.125
0.257813
-0.015625
-0.265625
0.03125
-0.351563
0.375
0.0703125
-0.859375
0.34375
-0.195313
0.429688
-0.21875
-0.125
-0.328125
-0.0234375
-0.101563
-0.648438
0.53125
-0.320313
0.40625
-0.164063
-0.0625
-0.09375
0.164063
0.21875
-0.578125
0.0234375
-0.507813
-0.15625
0.617188
-0.367188
0.632813
-0.0078125
0.21875
-0.34375
0.117188
0.3125
0.0234375
0.359375
-0.21875
-0.484375
0.140625
0.234375
0.0546875
-0.210938
-0.164063
0.359375
-0.242188
0.0859375
0.210938
0.0703125
-0.21875
0.109375
-0.40625
-0.140625
-0.265625
0.179688
-0.289063
-0.0625
0.179688
0.210938
0.328125
-0.320313
-0.195313
-0.257813
-0.03125
-0.21875
-0.25
0.226563
-0.078125
-0.078125
-0.015625
0.21875
0.695313
0.1875
0.132813
-0.0234375
-0.445313
-0.101563
0.328125
-0.132813
-0.179688
0.257813
0.0546875
0.164063
0.34375
-0.1875
0.3125
0.28125
-0.0625
-0.140625
-0.0078125
-0.367188
0.171875
-0.109375
-0.328125
-0.140625
0.0234375
0.65625
-0.429688
-0.414063
0.21875
-0.515625
-0.257813
-0.0625
0.359375
-0.203125
0.328125
-0.132813
-0.375
0.171875
0.140625
-0.132813
0.117188
-0.703125
0.046875
-0.046875
0.414063
-0.359375
0.554688
0.0703125
-0.109375
0.0390625
-0.0546875
0.5
0.046875
0.289063
-0.257813
-0.375
0.03125
0.367188
-0.125
-0.101563
-0.132813
0.203125
-0.125
-0.03125
0.304688
0
-0.242188
0.078125
-0.40625
-0.078125
-0.101563
0.0625
-0.101563
-0.234375
0.078125
0.296875
0.09375
-0.164063
-0.203125
-0.203125
-0.0625
-0.320313
-0.125
0.304688
-0.15625
-0.101563
0.132813
0.210938
0.546875
0.351563
0.046875
-0.179688
-0.273438
-0.0625
0.234375
-0.0546875
-0.179688
0.34375
-0.015625
0.109375
0.351563
-0.234375
0.390625
0.117188
-0.03125
-0.179688
0.09375
-0.492188
0.367188
-0.0703125
-0.578125
0.164063
-0.148438
0.554688
-0.234375
-0.59375
0.28125
-0.507813
0.0703125
-0.328125
0.351563
-0.242188
0.351563
-0.09375
-0.351563
0.09375
0.25
-0.0546875
-0.210938
-0.429688
-0.140625
-0.148438
0.523438
-0.421875
0.734375
-0.015625
0.03125
-0.101563
-0.0078125
0.539063
-0.0546875
0.203125
-0.242188
-0.4375
0.117188
0.40625
-0.171875
-0.132813
-0.046875
0.25
-0.164063
0.0078125
0.242188
0.015625
-0.273438
0.109375
-0.539063
0.09375
-0.226563
-0.09375
0.0234375
-0.1875
0.148438
0.367188
0.109375
-0.3125
-0.242188
-0.117188
-0.117188
-0.1875
-0.25
0.273438
-0.078125
-0.148438
0.1875
0.117188
0.703125
0.195313
0.0078125
-0.125
-0.367188
0.09375
0.28125
-0.242188
-0.09375
0.210938
-0.0390625
0.210938
0.320313
-0.195313
0.367188
0.25
-0.15625
-0.1875
0.148438
-0.421875
0.367188
-0.59375
-0.046875
0.0078125
0
0.492188
-0.226563
-0.59375
0.484375
-0.765625
-0.390625
0.25
0.0703125
0.0390625
0.125
0.078125
-0.515625
0.257813
0.351563
-0.53125
0.320313
-0.835938
0.179688
0.164063
0.148438
-0.03125
0.359375
0.148438
-0.296875
0.171875
0.015625
0.398438
0.210938
0.101563
-0.507813
-0.0625
0.0234375
0.367188
-0.25
-0.210938
0.257813
-0.117188
-0.0234375
0.179688
0.09375
0.0625
-0.320313
0.046875
-0.523438
0.015625
0.117188
-0.179688
0.0625
-0.210938
-0.0234375
0.515625
-0.195313
-0.179688
-0.117188
-0.140625
-0.257813
-0.140625
0.0234375
0.0703125
-0.0625
-0.203125
0.203125
0.4375
0.34375
0.359375
0.0625
-0.554688
-0.0625
0.132813
0.0234375
-0.0234375
-0.09375
0.203125
-0.0078125
0.15625
0.328125
-0.257813
0.625
-0.0390625
-0.234375
-0.046875
0.0390625
-0.0859375
0.046875
-0.554688
0.179688
-0.21875
0.0703125
0.304688
0.09375
-1
0.617188
-0.671875
-0.460938
0.414063
-0.125
0.1875
0.109375
0.171875
-0.59375
0.25
0.367188
-0.664063
0.375
-0.875
0.0703125
0.328125
0.03125
0.0390625
0.390625
0.132813
-0.3125
0.265625
-0.0859375
0.398438
0.304688
-0.25
-0.304688
-0.0390625
0.0625
0.34375
-0.273438
-0.132813
0.265625
-0.117188
0.078125
0.0390625
0.132813
-0.101563
-0.0625
-0.226563
-0.421875
0.0234375
0.117188
-0.46875
0.164063
0.0078125
0.0078125
0.476563
-0.21875
-0.21875
-0.304688
0.03125
-0.203125
-0.195313
-0.0078125
0.0625
-0.117188
-0.140625
0.351563
0.328125
0.453125
0.289063
-0.046875
-0.34375
-0.234375
0.203125
0.109375
-0.21875
0.101563
0.0859375
0.078125
0.234375
0.132813
0.0625
0.28125
0.109375
-0.171875
-0.25
0.046875
-0.28125
0.367188
-0.671875
-0.109375
0.1875
0.242188
0.0390625
-0.140625
-0.359375
0.273438
-0.578125
-0.445313
0.359375
-0.132813
0.21875
-0.125
0.09375
-0.304688
0.179688
0.375
-0.554688
0
-0.523438
0.046875
0.390625
-0.265625
0.476563
0.0859375
0.140625
-0.25
0.078125
0.234375
0.171875
0.335938
-0.0078125
-0.609375
0.0703125
0.101563
0.273438
-0.210938
-0.359375
0.429688
-0.265625
0
0.351563
-0.0390625
0.0625
-0.203125
-0.117188
-0.429688
-0.078125
0.21875
-0.320313
0.0703125
-0.0703125
-0.0625
0.554688
-0.28125
-0.203125
-0.109375
-0.078125
-0.382813
-0.132813
0.164063
-0.117188
-0.0078125
-0.109375
0.140625
0.53125
0.320313
0.304688
0.0703125
-0.570313
-0.0859375
0.195313
0
-0.0546875
0.0078125
0.1875
-0.0078125
0.195313
0.242188
-0.171875
0.523438
0
-0.265625
-0.046875
-0.046875
0.101563
0.03125
-0.765625
0.382813
-0.21875
0.242188
0
0.0859375
-0.734375
0.367188
-0.414063
-0.640625
0.554688
-0.304688
0.320313
-0.101563
0.179688
-0.398438
0.21875
0.351563
-0.757813
0.3125
-0.734375
-0.0546875
0.546875
-0.304688
0.523438
0.03125
0.265625
-0.421875
0.242188
0.125
0.132813
0.421875
-0.296875
-0.507813
0.164063
0.171875
0.148438
-0.273438
-0.140625
0.390625
-0.28125
0.132813
0.140625
0.09375
-0.210938
0.117188
-0.40625
-0.210938
-0.210938
0.234375
-0.359375
0.015625
0.164063
0.109375
0.398438
-0.390625
-0.164063
-0.265625
-0.0078125
-0.234375
-0.25
0.226563
-0.0625
-0.09375
-0.046875
0.203125
0.617188
0.195313
0.210938
-0.046875
-0.445313
-0.0703125
0.242188
-0.117188
-0.195313
0.257813
0.046875
0.148438
0.304688
-0.171875
0.335938
0.304688
-0.0859375
-0.15625
-0.046875
-0.335938
0.15625
-0.179688
-0.28125
-0.125
0.0390625
0.625
-0.4375
-0.375
0.203125
-0.507813
-0.265625
-0.0625
0.335938
-0.226563
0.382813
-0.140625
-0.476563
0.273438
0.101563
-0.164063
0.125
-0.789063
0.15625
-0.0703125
0.367188
-0.304688
0.5625
0.0546875
-0.195313
0.132813
-0.117188
0.515625
0.0703125
0.203125
-0.265625
-0.367188
0.0625
0.359375
-0.1875
-0.0546875
-0.0859375
0.210938
-0.140625
0.0390625
0.234375
0.03125
-0.359375
0.210938
-0.570313
0.0234375
-0.0859375
0.0703125
-0.140625
-0.226563
0.125
0.242188
0.09375
-0.203125
-0.242188
-0.09375
-0.109375
-0.335938
-0.109375
0.3125
-0.210938
-0.164063
0.25
0.109375
0.59375
0.382813
0
-0.179688
-0.320313
-0.046875
0.171875
-0.0625
-0.125
0.25
0.03125
0.0546875
0.328125
-0.132813
0.273438
0.140625
-0.015625
-0.3125
0.132813
-0.4375
0.382813
-0.0234375
-0.84375
0.46875
-0.3125
0.453125
-0.164063
-0.257813
-0.15625
-0.09375
-0.078125
-0.617188
0.492188
-0.296875
0.359375
-0.164063
-0.03125
-0.179688
0.289063
0.140625
-0.625
0.109375
-0.484375
-0.15625
0.59375
-0.375
0.65625
-0.0546875
0.242188
-0.328125
0.148438
0.3125
-0.015625
0.3125
-0.25
-0.5
0.140625
0.265625
0.0234375
-0.1875
-0.109375
0.328125
-0.234375
0.140625
0.148438
0.078125
-0.265625
0.164063
-0.507813
-0.09375
-0.273438
0.226563
-0.367188
0.03125
0.1875
0.09375
0.40625
-0.382813
-0.203125
-0.289063
0.0390625
-0.226563
-0.242188
0.226563
-0.09375
-0.09375
-0.078125
0.257813
0.53125
0.265625
0.179688
-0.015625
-0.4375
-0.140625
0.226563
0.0234375
-0.21875
0.21875
0.0546875
0.09375
0.265625
-0.0546875
0.265625
0.210938
0.0390625
-0.226563
-0.15625
-0.164063
-0.078125
0.195313
-0.625
-0.0703125
0.101563
0.492188
-0.304688
-0.164063
-0.15625
-0.015625
-0.375
-0.40625
0.421875
-0.25
0.382813
-0.273438
0.0234375
-0.132813
0.132813
0.28125
-0.453125
-0.132813
-0.351563
-0.078125
0.484375
-0.367188
0.59375
0.0078125
0.179688
-0.265625
0.0703125
0.351563
0.0234375
0.367188
-0.0703125
-0.609375
0.125
0.140625
0.203125
-0.148438
-0.390625
0.453125
-0.28125
0.046875
0.304688
-0.015625
-0.015625
-0.109375
-0.21875
-0.3125
-0.15625
0.265625
-0.351563
0.046875
0.0234375
-0.046875
0.492188
-0.304688
-0.21875
-0.117188
-0.0546875
-0.375
-0.117188
0.203125
-0.171875
0.0234375
-0.125
0.148438
0.546875
0.296875
0.242188
0.0546875
-0.554688
-0.0625
0.179688
0.0234375
-0.0546875
0.0234375
0.148438
-0.0390625
0.171875
0.234375
-0.140625
0.5
-0.078125
-0.265625
-0.0078125
-0.09375
0.117188
0.03125
-0.710938
0.304688
-0.234375
0.320313
-0.046875
-0.0234375
-0.515625
0.210938
-0.265625
-0.664063
0.554688
-0.335938
0.382813
-0.132813
-0.0078125
-0.195313
0.257813
0.21875
-0.671875
0.203125
-0.625
-0.101563
0.570313
-0.242188
0.484375
0.0546875
0.265625
-0.429688
0.21875
0.140625
0.117188
0.398438
-0.28125
-0.492188
0.148438
0.210938
0.132813
-0.226563
-0.1875
0.351563
-0.234375
0.140625
0.148438
0.109375
-0.21875
0.0859375
-0.40625
-0.234375
-0.203125
0.234375
-0.390625
0.0390625
0.171875
0.078125
0.398438
-0.320313
-0.226563
-0.25
0.0234375
-0.25
-0.226563
0.164063
-0.0703125
-0.125
-0.0703125
0.234375
0.5
0.3125
0.234375
-0.0390625
-0.4375
-0.164063
0.242188
0.015625
-0.234375
0.1875
0.0703125
0.109375
0.265625
-0.046875
0.257813
0.289063
0
-0.21875
-0.132813
-0.164063
-0.0859375
0.15625
-0.53125
-0.148438
0.179688
0.46875
-0.335938
-0.179688
-0.0625
-0.125
-0.335938
-0.320313
0.414063
-0.257813
0.414063
-0.328125
-0.109375
0.046875
0.0234375
0.226563
-0.273438
-0.414063
-0.140625
-0.101563
0.46875
-0.414063
0.65625
-0.078125
0.0703125
-0.101563
-0.0703125
0.476563
0.0234375
0.289063
-0.078125
-0.585938
0.132813
0.28125
0.046875
-0.109375
-0.328125
0.398438
-0.257813
-0.015625
0.359375
-0.0390625
-0.140625
0.0390625
-0.351563
-0.148438
-0.171875
0.210938
-0.265625
-0.101563
0.0703125
0.132813
0.289063
-0.257813
-0.226563
-0.125
-0.0703125
-0.367188
-0.140625
0.28125
-0.25
-0.046875
0.078125
0.0625
0.609375
0.335938
0.09375
-0.0703125
-0.414063
-0.0546875
0.21875
-0.0625
-0.125
0.210938
0.0703125
0.0390625
0.296875
-0.109375
0.273438
0.195313
-0.0546875
-0.296875
0.140625
-0.46875
0.34375
-0.0078125
-0.710938
0.296875
-0.1875
0.515625
-0.273438
-0.398438
0.117188
-0.34375
0.0390625
-0.460938
0.421875
-0.265625
0.375
-0.15625
-0.28125
0.09375
0.179688
0.0703125
-0.382813
-0.203125
-0.226563
-0.15625
0.539063
-0.445313
0.75
-0.117188
0.125
-0.15625
-0.03125
0.507813
-0.0390625
0.164063
-0.164063
-0.46875
0.109375
0.40625
-0.140625
-0.132813
-0.046875
0.226563
-0.171875
0.0390625
0.210938
0.046875
-0.289063
0.132813
-0.507813
0.0703125
-0.203125
-0.0859375
-0.03125
-0.140625
0.140625
0.34375
0.140625
-0.320313
-0.226563
-0.109375
-0.117188
-0.1875
-0.273438
0.25
-0.140625
-0.09375
0.171875
0.101563
0.71875
0.203125
0.0234375
-0.148438
-0.390625
0.101563
0.28125
-0.273438
-0.0703125
0.179688
-0.015625
0.195313
0.320313
-0.179688
0.3125
0.265625
-0.125
-0.210938
0.15625
-0.4375
0.359375
-0.507813
-0.117188
0
0.0625
0.492188
-0.34375
-0.554688
0.484375
-0.757813
-0.335938
0.171875
0.1875
-0.046875
0.234375
0.015625
-0.570313
0.398438
0.210938
-0.4375
0.3125
-0.882813
0.226563
0.09375
0.179688
-0.117188
0.445313
0.0625
-0.273438
0.179688
-0.0546875
0.476563
0.125
0.171875
-0.382813
-0.25
0.0234375
0.414063
-0.195313
-0.1875
0.0859375
0.0859375
-0.117188
0.09375
0.210938
0.0390625
-0.328125
0.125
-0.515625
-0.0078125
0.015625
-0.0390625
-0.0390625
-0.234375
0.0390625
0.375
0.015625
-0.195313
-0.171875
-0.117188
-0.148438
-0.28125
-0.101563
0.226563
-0.171875
-0.148438
0.1875
0.210938
0.515625
0.382813
0.0625
-0.328125
-0.234375
0.03125
0.140625
-0.101563
-0.148438
0.304688
-0.03125
0.132813
0.375
-0.304688
0.5
0.0625
-0.109375
-0.21875
0.1875
-0.523438
0.3125
-0.117188
-0.46875
0.117188
-0.125
0.5625
-0.164063
-0.84375
0.546875
-0.671875
0.0078125
-0.109375
0.234375
-0.125
0.351563
-0.0703125
-0.546875
0.289063
0.21875
-0.195313
-0.046875
-0.609375
0.0390625
-0.0703125
0.414063
-0.359375
0.6875
-0.0390625
-0.0859375
0.078125
-0.132813
0.601563
0.0703125
-0.015625
-0.1875
-0.375
0.078125
0.453125
-0.226563
-0.140625
0.101563
0.09375
-0.046875
0.0234375
0.234375
-0.0390625
-0.226563
-0.0234375
-0.53125
0.109375
-0.0546875
-0.3125
0.117188
-0.09375
0.0546875
0.46875
-0.0390625
-0.304688
-0.273438
-0.0234375
-0.171875
-0.1875
-0.140625
0.171875
-0.132813
-0.132813
0.3125
0.195313
0.625
0.242188
-0.0390625
-0.273438
-0.3125
0.210938
0.195313
-0.273438
0.09375
0.109375
0.0390625
0.210938
0.140625
0.046875
0.28125
0.101563
-0.203125
-0.257813
0.0546875
-0.296875
0.375
-0.65625
-0.125
0.210938
0.289063
-0.0546875
-0.140625
-0.335938
0.203125
-0.484375
-0.40625
0.367188
-0.164063
0.289063
-0.203125
-0.03125
-0.132813
0.109375
0.34375
-0.398438
-0.21875
-0.34375
-0.0234375
0.46875
-0.40625
0.585938
0.046875
0.078125
-0.164063
0
0.359375
0.140625
0.328125
-0.0703125
-0.609375
0.109375
0.242188
0.117188
-0.132813
-0.375
0.4375
-0.28125
0
0.375
-0.046875
-0.0859375
0.0078125
-0.328125
-0.25
-0.09375
0.203125
-0.320313
-0.046875
0.0546875
0.0390625
0.367188
-0.234375
-0.304688
-0.0859375
-0.0625
-0.398438
-0.140625
0.304688
-0.210938
-0.09375
0.101563
0.101563
0.570313
0.367188
0.078125
-0.0859375
-0.375
0.0390625
0.046875
-0.203125
0.242188
0.171875
0.179688
0.078125
-0.09375
0.109375
0.046875
0.398438
-0.171875
-0.273438
0.179688
-0.304688
0.453125
-0.21875
-0.257813
0.34375
-0.226563
-0.125
-0.140625
-0.078125
-0.125
-0.203125
0.078125
-0.140625
-0.0390625
-0.0625
0.0390625
0.0390625
-0.015625
-0.078125
0.25
-0.0625
-0.34375
-0.046875
-0.046875
0.015625
0.078125
-0.117188
0.171875
0.09375
0.179688
0.125
0.171875
0.304688
-0.0390625
0.195313
-0.242188
-0.164063
-0.0078125
0.117188
-0.125
-0.164063
0.109375
-0.0390625
-0.0234375
0.367188
0.0703125
0.25
-0.25
0
-0.3125
0.0703125
-0.09375
-0.179688
-0.25
-0.210938
0.125
0.210938
0.015625
-0.0546875
-0.148438
-0.1875
-0.0703125
-0.195313
-0.0625
0.210938
-0.03125
-0.0859375
0.148438
0.109375
0.367188
0.210938
-0.0234375
-0.117188
-0.0546875
0.101563
-0.0625
0.195313
0.15625
-0.046875
0.117188
-0.109375
0.015625
0.21875
0.132813
0.132813
0
-0.101563
-0.0234375
0.0625
-0.0078125
-0.03125
-0.0703125
-0.101563
-0.242188
-0.078125
-0.0234375
-0.21875
0.0234375
0.046875
-0.179688
0.0078125
0.0703125
-0.0625
0
-0.03125
-0.046875
-0.109375
0.210938
-0.117188
-0.0078125
0.0078125
0.0234375
0.015625
-0.0703125
-0.0859375
0.078125
0.046875
-0.15625
0.0546875
0
0
0
0
0
0
0
0
0
0
0
0
0
0
0
0
0
0
0
0
0
0
0
0
0
0
0
0
0
0
0
0
0
0
0
0
0
0
0
0
0
0
0
0
0
0
0
0
0
0
0
0
0
0
0
0
0
0
0
0
0
0
0
0
0
0
0
0
0
0
0
0
0
0
0
0
0
0
0
0
0
0
0
0
0
0
0
0
0
0
0
0
0
0
0
0
0
0
0
0
0
0
0
0
0
0
0
0
0
0
0
0
0
0
0
0
0
0
0
0
0
0
0
0
0
0
0
0
0
0
0
0
0
0
0
0
0
0
0
0
0
0
0
0
0
0
0
0
0
0
0
0
0
0
0
0
0
0
0
0
0
0
0
0
0
0
0
0
0
0
0
0
0
0
0
0
0
0
0
0
0
0
0
0
0
0
0
0
0
0
0
0
0
0
0
0
0
0
0
0
0
0
0
0
0
0
0
0
0
0
0
0
0
0
0
0
0
0
0
0
0
0
0
0
0
0
0
0
0
0
0
0
0
0
0
0
0
0
0
0
0
0
0
0
0
0
0
0
0
0
0
0
0
0
0
0
0
0
0
0
0
0
0
0
0
0
0
0
0
0
0
0
0
0
0
0
0
0
0
0
0
0
0
0
0
0
0
0
0
0
0
0
0
0
0
0
0
0
0
0
0
0
0
0
0
0
0
0
0
0
0
0
0
0
0
0
0
0
0
0
0
0
0
0
0
0
0
0
0
0
0
0
0
0
0
0
0
0
0
0
0
0
0
0
0
0.125
-0.0234375
0.0390625
-0.0078125
-0.0703125
-0.03125
0
0.03125
0
-0.0859375
0.015625
0.046875
-0.0546875
0.046875
-0.0625
0.078125
-0.0078125
0.0078125
0.0234375
-0.03125
-0.15625
0.3125
-0.0625
0.429688
-0.515625
-0.421875
0.171875
-0.109375
0.539063
0.101563
-0.304688
0.21875
0.0234375
0.0390625
-0.109375
0.03125
-0.203125
-0.0859375
-0.421875
0.234375
-0.0234375
0.265625
0.273438
-0.0390625
-0.359375
0.265625
-0.375
-0.25
0.382813
-0.015625
0.195313
-0.0234375
0.078125
-0.28125
0
-0.0546875
-0.257813
0.40625
-0.726563
0.1875
0.4375
-0.148438
0.429688
-0.164063
0.109375
-0.367188
-0.046875
0.242188
-0.0859375
0.117188
0.0703125
-0.359375
-0.0078125
0.21875
0.164063
0.0703125
-0.132813
0.304688
-0.25
-0.140625
0.109375
-0.101563
-0.28125
0.046875
-0.117188
-0.015625
-0.140625
0.296875
0.15625
0.0859375
0
-0.117188
0.1875
-0.289063
-0.132813
-0.125
0.117188
-0.140625
0.09375
0.0234375
-0.273438
0
-0.0078125
0.015625
0.296875
0.09375
0
0.03125
-0.15625
-0.164063
0.242188
-0.21875
0.0390625
0.0078125
-0.0625
-0.0078125
0.226563
-0.1875
-0.0078125
0.210938
0.046875
-0.320313
0.0703125
-0.125
0.273438
0.09375
-0.117188
0.21875
-0.257813
0.0546875
0.0703125
-0.0078125
-0.195313
-0.328125
0.265625
-0.234375
-0.125
-0.03125
0.5
0.046875
-0.140625
0.125
0.15625
-0.414063
-0.078125
0.046875
-0.03125
0.164063
0.15625
-0.203125
-0.203125
0.179688
0.0546875
-0.171875
0.0859375
-0.367188
0.0703125
0.53125
-0.328125
0.4375
-0.125
-0.117188
-0.164063
-0.0625
-0.0390625
0.117188
0.117188
0.15625
-0.132813
0.0078125
0.0078125
0.117188
0.0234375
-0.0234375
0.0859375
-0.0703125
-0.4375
-0.0859375
-0.0078125
-0.0625
-0.046875
0.117188
-0.109375
-0.4375
0.351563
0.078125
0.375
0.148438
-0.28125
0.109375
-0.3125
-0.078125
0.015625
0.0625
-0.046875
-0.03125
0.0625
-0.148438
0
0.0390625
0.046875
0.390625
-0.046875
0.0859375
-0.015625
-0.210938
0.125
-0.0234375
-0.0546875
0.015625
0.078125
0.429688
-0.3125
0.53125
-0.171875
-0.15625
0.226563
-0.0859375
-0.25
-0.34375
-0.304688
-0.03125
-0.328125
-0.03125
0.65625
0.0625
-0.476563
0.414063
-0.0546875
-0.492188
0.046875
0.03125
0.117188
0.09375
-0.171875
-0.515625
0.492188
-0.109375
-0.0703125
0.53125
-0.46875
-0.0625
0.101563
0.25
-0.195313
0.507813
0.0078125
-0.414063
0.0703125
-0.195313
0.335938
0.03125
-0.0546875
0.242188
-0.101563
0.171875
0.242188
-0.0859375
0.1875
-0.234375
-0.0234375
-0.109375
-0.3125
0.25
-0.03125
-0.179688
0.109375
-0.445313
0.0703125
-0.101563
0.046875
0.179688
-0.0625
-0.171875
0.078125
-0.0546875
-0.0390625
-0.140625
0.0625
-0.0703125
-0.398438
-0.0859375
0.015625
-0.320313
-0.046875
0.21875
-0.09375
0.304688
0.460938
0.25
0.015625
-0.15625
-0.0625
0.148438
-0.0625
-0.273438
0.03125
-0.03125
0.125
0.414063
-0.0703125
0.273438
-0.140625
0.09375
-0.015625
0.304688
-0.28125
0.0703125
-0.125
-0.421875
0.21875
-0.210938
0.5
0.0625
-0.601563
0.078125
-0.3125
0.078125
-0.015625
0.203125
-0.125
0.0703125
0.0390625
-0.351563
0.273438
-0.03125
-0.09375
-0.148438
-0.460938
-0.265625
-0.046875
0.625
-0.328125
0.34375
0.0625
-0.171875
-0.0859375
-0.265625
0.429688
0.0078125
-0.0625
0.171875
-0.296875
0.179688
0.515625
-0.0703125
0
-0.125
0.15625
0
-0.117188
0.078125
-0.0234375
-0.15625
-0.0390625
-0.125
0.109375
-0.210938
-0.0390625
0.257813
-0.046875
0.0625
0.34375
0.03125
-0.335938
-0.296875
-0.125
-0.179688
-0.148438
-0.21875
-0.109375
-0.15625
-0.0234375
0.21875
0.203125
0.570313
0.0546875
-0.0625
-0.0625
-0.46875
0.0859375
0.289063
-0.492188
-0.0859375
0.0859375
-0.0390625
0.421875
0.273438
-0.03125
0.148438
0.359375
-0.0703125
-0.078125
0.21875
-0.375
0.289063
-0.476563
-0.15625
0.328125
0.226563
0.0625
-0.0390625
-0.21875
-0.046875
-0.476563
-0.335938
0.296875
0
0.046875
0.0625
0.132813
-0.242188
0.171875
0.0546875
-0.460938
0.0703125
-0.5
-0.109375
0.179688
0.132813
0.101563
-0.132813
0.117188
-0.203125
-0.03125
0.203125
0.125
0.289063
0.289063
-0.304688
0.03125
0.015625
0.1875
-0.117188
-0.453125
0.226563
0.015625
-0.117188
0.226563
0.132813
0.0703125
-0.1875
0.132813
-0.179688
-0.25
0.257813
-0.03125
-0.078125
-0.078125
0.0234375
0.382813
-0.3125
-0.117188
-0.109375
-0.179688
-0.25
0
-0.0546875
-0.046875
0.0078125
-0.164063
0.125
0.5
0.21875
0.101563
0.117188
-0.539063
-0.179688
0.21875
-0.078125
-0.179688
0.015625
0.0078125
-0.0234375
0.28125
0.164063
-0.0625
0.335938
0.0390625
-0.164063
0.1875
-0.164063
0.226563
0.03125
-0.71875
0.289063
-0.132813
0.117188
0.140625
-0.03125
-0.515625
0.179688
-0.203125
-0.320313
0.484375
-0.140625
0.304688
0.03125
0.0625
-0.21875
0.0703125
0.0859375
-0.53125
0.140625
-0.648438
-0.0859375
0.554688
-0.0859375
0.304688
-0.0625
0.25
-0.421875
0.140625
0.140625
0.132813
0.257813
-0.101563
-0.414063
0.046875
0.101563
0
-0.242188
-0.203125
0.320313
0.15625
-0.015625
0.1875
0.0078125
-0.21875
0.0703125
-0.234375
-0.171875
-0.171875
0.226563
-0.242188
-0.0078125
0.25
0.148438
0.304688
-0.242188
-0.210938
-0.351563
-0.0546875
-0.109375
-0.195313
0.109375
0.078125
-0.046875
0.0078125
0.179688
0.5
0.203125
0.0546875
-0.0859375
-0.296875
-0.21875
0.179688
-0.0703125
-0.273438
0.171875
0.132813
0.03125
0.3125
-0.03125
0.210938
0.210938
-0.046875
-0.046875
-0.0078125
-0.328125
-0.0390625
-0.078125
-0.21875
-0.148438
0.148438
0.539063
-0.296875
-0.25
0.0078125
-0.273438
-0.101563
-0.015625
0.289063
-0.101563
0.203125
-0.109375
-0.265625
0.164063
0.0625
-0.0390625
0.0234375
-0.515625
0.046875
0.0234375
0.28125
-0.351563
0.453125
-0.0390625
-0.0703125
0.117188
-0.109375
0.34375
0.109375
0.21875
-0.140625
-0.429688
-0.03125
0.320313
-0.09375
-0.195313
-0.101563
0.242188
-0.234375
-0.0078125
0.3125
-0.0703125
-0.0703125
0.0390625
-0.382813
-0.148438
0.0390625
0.15625
-0.148438
-0.078125
0.0546875
0.109375
0.15625
-0.117188
-0.195313
-0.09375
-0.0703125
-0.25
-0.117188
0.226563
-0.101563
0
0.0703125
0.132813
0.492188
0.226563
0.0546875
-0.0546875
-0.359375
-0.0625
0.203125
-0.0390625
-0.179688
0.140625
0.0546875
0.046875
0.359375
-0.0234375
0.0625
0.203125
-0.148438
-0.171875
0.117188
-0.25
0.179688
0.0546875
-0.742188
0.234375
-0.09375
0.289063
-0.101563
-0.078125
-0.265625
-0.109375
0.015625
-0.523438
0.46875
-0.140625
0.195313
0.015625
-0.03125
-0.140625
0.171875
0.140625
-0.359375
-0.0859375
-0.359375
-0.21875
0.539063
-0.289063
0.585938
0.078125
0.117188
-0.195313
0.117188
0.273438
0.0234375
0.25
-0.210938
-0.476563
0.09375
0.210938
-0.101563
-0.109375
-0.117188
0.304688
-0.125
0.03125
0.15625
-0.0078125
-0.25
0.03125
-0.375
-0.078125
-0.226563
0.117188
-0.0859375
-0.0625
0.179688
0.226563
0.195313
-0.335938
-0.171875
-0.179688
-0.0703125
-0.09375
-0.257813
0.148438
-0.0390625
-0.09375
0.0859375
0.171875
0.648438
0.148438
0.101563
-0.0234375
-0.289063
0.0234375
0.273438
-0.234375
-0.140625
0.140625
0.0546875
0.21875
0.3125
-0.0859375
0.203125
0.1875
-0.148438
-0.1875
0.046875
-0.375
0.3125
-0.4375
-0.0546875
0.03125
-0.015625
0.40625
-0.265625
-0.460938
0.273438
-0.640625
-0.367188
0.25
0.117188
0.0625
0.0390625
0.117188
-0.34375
0.164063
0.210938
-0.34375
0.242188
-0.640625
0.101563
0.148438
0.140625
0.03125
0.265625
0.140625
-0.21875
0.257813
0
0.367188
0.15625
0.140625
-0.476563
-0.148438
0.0234375
0.34375
-0.140625
-0.15625
0.09375
0.0390625
-0.03125
0.0859375
0.101563
-0.0234375
-0.335938
0.015625
-0.414063
-0.03125
0.15625
-0.0703125
-0.046875
-0.210938
-0.03125
0.328125
-0.046875
-0.132813
-0.140625
-0.125
-0.148438
-0.203125
-0.09375
0.15625
-0.117188
-0.171875
0.234375
0.304688
0.40625
0.390625
0.0859375
-0.273438
-0.15625
-0.015625
0.0859375
-0.03125
-0.132813
0.25
0.03125
0.203125
0.320313
-0.25
0.4375
-0.0859375
-0.132813
-0.046875
0.101563
-0.390625
0.257813
-0.0859375
-0.382813
0.09375
-0.0859375
0.367188
-0.148438
-0.601563
0.148438
-0.429688
0.0546875
-0.296875
0.3125
-0.140625
0.257813
-0.0625
-0.210938
0.09375
0.234375
-0.0546875
-0.28125
-0.273438
-0.21875
-0.210938
0.515625
-0.289063
0.585938
0.015625
0.140625
-0.179688
0.0546875
0.351563
-0.046875
0.226563
-0.117188
-0.46875
0.171875
0.304688
-0.0625
-0.125
-0.125
0.289063
-0.117188
0.0390625
0.148438
-0.0234375
-0.195313
0.03125
-0.367188
-0.0859375
-0.234375
0.195313
-0.234375
-0.0234375
0.15625
0.179688
0.328125
-0.273438
-0.15625
-0.273438
-0.078125
-0.203125
-0.25
0.164063
-0.0390625
-0.101563
-0.0625
0.226563
0.546875
0.195313
0.15625
0.0859375
-0.445313
-0.15625
0.210938
-0.0625
-0.179688
0.203125
0.0390625
0.101563
0.335938
-0.125
0.226563
0.210938
-0.046875
-0.0859375
-0.117188
-0.25
0.101563
0.046875
-0.28125
-0.148438
0.09375
0.5
-0.335938
-0.242188
0.015625
-0.25
-0.234375
-0.273438
0.398438
-0.179688
0.359375
-0.171875
-0.125
0.0546875
0.03125
0.0859375
-0.0859375
-0.4375
-0.109375
-0.148438
0.375
-0.257813
0.507813
0
0.0234375
-0.0390625
-0.0859375
0.34375
-0.0078125
0.320313
-0.046875
-0.53125
0.078125
0.21875
0.015625
-0.09375
-0.3125
0.3125
-0.171875
-0.0390625
0.351563
-0.078125
-0.0625
-0.09375
-0.25
-0.164063
-0.0859375
0.179688
-0.171875
-0.0859375
0.09375
0.046875
0.351563
-0.195313
-0.195313
-0.117188
-0.0703125
-0.375
-0.0703125
0.203125
-0.179688
0.0078125
-0.0078125
0.140625
0.554688
0.304688
0.109375
0.0703125
-0.398438
-0.132813
0.210938
-0.015625
-0.132813
0.078125
0.132813
0.0078125
0.257813
0.0703125
-0.0390625
0.257813
-0.0234375
-0.21875
0.046875
-0.210938
0.265625
0.0234375
-0.671875
0.320313
-0.132813
0.226563
-0.078125
-0.0625
-0.460938
0.09375
-0.179688
-0.546875
0.5
-0.25
0.296875
-0.0390625
0.0390625
-0.1875
0.179688
0.179688
-0.539063
0.132813
-0.539063
-0.117188
0.523438
-0.21875
0.445313
0.078125
0.171875
-0.367188
0.1875
0.164063
0.109375
0.335938
-0.179688
-0.484375
0.101563
0.117188
0.148438
-0.21875
-0.171875
0.335938
-0.171875
0.101563
0.125
0.0390625
-0.1875
0.03125
-0.320313
-0.164063
-0.21875
0.234375
-0.296875
0.046875
0.15625
0.140625
0.351563
-0.28125
-0.140625
-0.3125
-0.0234375
-0.148438
-0.226563
0.140625
0
-0.125
-0.0390625
0.25
0.5
0.265625
0.164063
0.015625
-0.4375
-0.15625
0.25
-0.0390625
-0.210938
0.1875
0.0390625
0.125
0.28125
-0.0859375
0.21875
0.257813
-0.0625
-0.15625
-0.148438
-0.164063
0.0234375
0.0703125
-0.328125
-0.25
0.117188
0.492188
-0.34375
-0.289063
0.0859375
-0.320313
-0.210938
-0.1875
0.367188
-0.179688
0.351563
-0.203125
-0.234375
0.101563
0.0390625
0.117188
-0.078125
-0.460938
-0.078125
-0.164063
0.429688
-0.304688
0.492188
0.0546875
-0.015625
-0.0078125
-0.0625
0.398438
0.0234375
0.304688
-0.101563
-0.5
0.09375
0.226563
-0.0546875
-0.078125
-0.21875
0.304688
-0.148438
-0.0859375
0.328125
-0.0703125
-0.148438
-0.0078125
-0.28125
-0.117188
-0.0625
0.09375
-0.109375
-0.195313
0.09375
0.148438
0.179688
-0.179688
-0.164063
-0.148438
-0.0859375
-0.375
-0.0546875
0.265625
-0.234375
-0.0390625
0.109375
0.125
0.53125
0.335938
0.0703125
-0.015625
-0.359375
-0.125
0.179688
0.015625
-0.09375
0.195313
0.0390625
0.0859375
0.289063
-0.109375
0.234375
0.0625
-0.0078125
-0.1875
0.0546875
-0.34375
0.351563
0.015625
-0.679688
0.304688
-0.203125
0.359375
-0.164063
-0.328125
0.0078125
-0.179688
0.0078125
-0.53125
0.382813
-0.21875
0.296875
-0.09375
-0.09375
-0.046875
0.234375
0.015625
-0.398438
-0.0546875
-0.367188
-0.195313
0.53125
-0.304688
0.578125
0.046875
0.179688
-0.257813
0.101563
0.320313
-0.0546875
0.304688
-0.234375
-0.46875
0.164063
0.179688
0.015625
-0.148438
-0.117188
0.320313
-0.15625
0.0625
0.164063
0.03125
-0.210938
0.101563
-0.398438
-0.0859375
-0.257813
0.1875
-0.289063
-0.015625
0.179688
0.148438
0.3125
-0.3125
-0.15625
-0.265625
-0.03125
-0.179688
-0.21875
0.171875
-0.0546875
-0.101563
-0.0390625
0.265625
0.53125
0.210938
0.148438
-0.0078125
-0.382813
-0.171875
0.234375
0.015625
-0.171875
0.179688
0.09375
0.0859375
0.3125
-0.03125
0.21875
0.1875
-0.0234375
-0.109375
-0.140625
-0.132813
-0.078125
0.164063
-0.421875
-0.171875
0.125
0.40625
-0.1875
-0.171875
-0.15625
-0.0078125
-0.3125
-0.390625
0.390625
-0.21875
0.289063
-0.171875
0.0078125
-0.0703125
0.09375
0.25
-0.382813
-0.148438
-0.390625
-0.101563
0.421875
-0.21875
0.375
0.117188
0.171875
-0.226563
0.09375
0.265625
0.078125
0.328125
0.015625
-0.59375
0.078125
0.09375
0.234375
-0.164063
-0.335938
0.398438
-0.203125
0
0.265625
0
0.101563
-0.273438
-0.0625
-0.375
-0.125
0.265625
-0.28125
0.0546875
-0.078125
-0.0625
0.5625
-0.28125
-0.179688
-0.117188
-0.140625
-0.335938
-0.125
0.0703125
-0.0078125
-0.03125
-0.164063
0.1875
0.484375
0.34375
0.335938
0.09375
-0.554688
-0.0859375
0.117188
0.0546875
-0.015625
-0.15625
0.304688
-0.0390625
0.179688
0.382813
-0.265625
0.65625
-0.0859375
-0.226563
-0.046875
0.0234375
-0.0859375
0.0390625
-0.460938
0.132813
-0.203125
0.0546875
0.328125
0.125
-1
0.59375
-0.742188
-0.359375
0.375
-0.117188
0.21875
0.179688
0.1875
-0.625
0.257813
0.375
-0.65625
0.375
-0.984375
0.078125
0.304688
0.0859375
0.0078125
0.429688
0.21875
-0.359375
0.28125
-0.09375
0.414063
0.257813
-0.234375
-0.328125
-0.078125
0.0390625
0.414063
-0.335938
-0.148438
0.320313
-0.148438
0.15625
0.0078125
0.148438
-0.117188
-0.0703125
-0.242188
-0.40625
-0.03125
0.1875
-0.46875
0.148438
0.046875
0.046875
0.453125
-0.226563
-0.210938
-0.351563
0.046875
-0.1875
-0.226563
0.0546875
0.03125
-0.148438
-0.101563
0.351563
0.421875
0.414063
0.25
-0.0078125
-0.40625
-0.234375
0.21875
0.0546875
-0.242188
0.148438
0.09375
0.117188
0.3125
0.0234375
0.164063
0.242188
0.0234375
-0.171875
-0.203125
-0.125
-0.109375
0.203125
-0.507813
-0.179688
0.171875
0.476563
-0.28125
-0.242188
-0.125
-0.117188
-0.382813
-0.320313
0.445313
-0.257813
0.40625
-0.226563
-0.171875
0.0546875
0.0234375
0.179688
-0.179688
-0.484375
-0.140625
-0.0859375
0.445313
-0.34375
0.578125
0.0390625
0.03125
-0.078125
-0.03125
0.429688
0.03125
0.34375
-0.101563
-0.601563
0.125
0.257813
0.0234375
-0.0625
-0.375
0.367188
-0.203125
-0.0546875
0.351563
-0.046875
-0.0859375
-0.0390625
-0.257813
-0.242188
-0.132813
0.234375
-0.257813
-0.132813
0.0625
0.0625
0.34375
-0.195313
-0.234375
-0.148438
-0.0625
-0.382813
-0.125
0.257813
-0.203125
-0.03125
0.0390625
0.15625
0.585938
0.375
0.117188
-0.0078125
-0.460938
-0.132813
0.234375
-0.0390625
-0.101563
0.21875
0.101563
0.0703125
0.3125
-0.0234375
0.125
0.257813
-0.015625
-0.265625
0.03125
-0.351563
0.375
0.0703125
-0.859375
0.34375
-0.195313
0.429688
-0.21875
-0.125
-0.328125
-0.0234375
-0.101563
-0.648438
0.53125
-0.320313
0.40625
-0.164063
-0.0625
-0.09375
0.164063
0.21875
-0.578125
0.0234375
-0.507813
-0.15625
0.617188
-0.367188
0.632813
-0.0078125
0.21875
-0.34375
0.117188
0.3125
0.0234375
0.359375
-0.21875
-0.484375
0.140625
0.234375
0.0546875
-0.210938
-0.164063
0.359375
-0.242188
0.0859375
0.210938
0.0703125
-0.21875
0.109375
-0.40625
-0.140625
-0.265625
0.179688
-0.289063
-0.0625
0.179688
0.210938
0.328125
-0.320313
-0.195313
-0.257813
-0.03125
-0.21875
-0.25
0.226563
-0.078125
-0.078125
-0.015625
0.21875
0.695313
0.1875
0.132813
-0.0234375
-0.445313
-0.101563
0.328125
-0.132813
-0.179688
0.257813
0.0546875
0.164063
0.34375
-0.1875
0.3125
0.28125
-0.0625
-0.140625
-0.0078125
-0.367188
0.171875
-0.109375
-0.328125
-0.140625
0.0234375
0.65625
-0.429688
-0.414063
0.21875
-0.515625
-0.257813
-0.0625
0.359375
-0.203125
0.328125
-0.132813
-0.375
0.171875
0.140625
-0.132813
0.117188
-0.703125
0.046875
-0.046875
0.414063
-0.359375
0.554688
0.0703125
-0.109375
0.0390625
-0.0546875
0.5
0.046875
0.289063
-0.257813
-0.375
0.03125
0.367188
-0.125
-0.101563
-0.132813
0.203125
-0.125
-0.03125
0.304688
0
-0.242188
0.078125
-0.40625
-0.078125
-0.101563
0.0625
-0.101563
-0.234375
0.078125
0.296875
0.09375
-0.164063
-0.203125
-0.203125
-0.0625
-0.320313
-0.125
0.304688
-0.15625
-0.101563
0.132813
0.210938
0.546875
0.351563
0.046875
-0.179688
-0.273438
-0.0625
0.234375
-0.0546875
-0.179688
0.34375
-0.015625
0.109375
0.351563
-0.234375
0.390625
0.117188
-0.03125
-0.179688
0.09375
-0.492188
0.367188
-0.0703125
-0.578125
0.164063
-0.148438
0.554688
-0.234375
-0.59375
0.28125
-0.507813
0.0703125
-0.328125
0.351563
-0.242188
0.351563
-0.09375
-0.351563
0.09375
0.25
-0.0546875
-0.210938
-0.429688
-0.140625
-0.148438
0.523438
-0.421875
0.734375
-0.015625
0.03125
-0.101563
-0.0078125
0.539063
-0.0546875
0.203125
-0.242188
-0.4375
0.117188
0.40625
-0.171875
-0.132813
-0.046875
0.25
-0.164063
0.0078125
0.242188
0.015625
-0.273438
0.109375
-0.539063
0.09375
-0.226563
-0.09375
0.0234375
-0.1875
0.148438
0.367188
0.109375
-0.3125
-0.242188
-0.117188
-0.117188
-0.1875
-0.25
0.273438
-0.078125
-0.148438
0.1875
0.117188
0.703125
0.195313
0.0078125
-0.125
-0.367188
0.09375
0.28125
-0.242188
-0.09375
0.210938
-0.0390625
0.210938
0.320313
-0.195313
0.367188
0.25
-0.15625
-0.1875
0.148438
-0.421875
0.367188
-0.59375
-0.046875
0.0078125
0
0.492188
-0.226563
-0.59375
0.484375
-0.765625
-0.390625
0.25
0.0703125
0.0390625
0.125
0.078125
-0.515625
0.257813
0.351563
-0.53125
0.320313
-0.835938
0.179688
0.164063
0.148438
-0.03125
0.359375
0.148438
-0.296875
0.171875
0.015625
0.398438
0.210938
0.101563
-0.507813
-0.0625
0.0234375
0.367188
-0.25
-0.210938
0.257813
-0.117188
-0.0234375
0.179688
0.09375
0.0625
-0.320313
0.046875
-0.523438
0.015625
0.117188
-0.179688
0.0625
-0.210938
-0.0234375
0.515625
-0.195313
-0.179688
-0.117188
-0.140625
-0.257813
-0.140625
0.0234375
0.0703125
-0.0625
-0.203125
0.203125
0.4375
0.34375
0.359375
0.0625
-0.554688
-0.0625
0.132813
0.0234375
-0.0234375
-0.09375
0.203125
-0.0078125
0.15625
0.328125
-0.257813
0.625
-0.0390625
-0.234375
-0.046875
0.0390625
-0.0859375
0.046875
-0.554688
0.179688
-0.21875
0.0703125
0.304688
0.09375
-1
0.617188
-0.671875
-0.460938
0.414063
-0.125
0.1875
0.109375
0.171875
-0.59375
0.25
0.367188
-0.664063
0.375
-0.875
0.0703125
0.328125
0.03125
0.0390625
0.390625
0.132813
-0.3125
0.265625
-0.0859375
0.398438
0.304688
-0.25
-0.304688
-0.0390625
0.0625
0.34375
-0.273438
-0.132813
0.265625
-0.117188
0.078125
0.0390625
0.132813
-0.101563
-0.0625
-0.226563
-0.421875
0.0234375
0.117188
-0.46875
0.164063
0.0078125
0.0078125
0.476563
-0.21875
-0.21875
-0.304688
0.03125
-0.203125
-0.195313
-0.0078125
0.0625
-0.117188
-0.140625
0.351563
0.328125
0.453125
0.289063
-0.046875
-0.34375
-0.234375
0.203125
0.109375
-0.21875
0.101563
0.0859375
0.078125
0.234375
0.132813
0.0625
0.28125
0.109375
-0.171875
-0.25
0.046875
-0.28125
0.367188
-0.671875
-0.109375
0.1875
0.242188
0.0390625
-0.140625
-0.359375
0.273438
-0.578125
-0.445313
0.359375
-0.132813
0.21875
-0.125
0.09375
-0.304688
0.179688
0.375
-0.554688
0
-0.523438
0.046875
0.390625
-0.265625
0.476563
0.0859375
0.140625
-0.25
0.078125
0.234375
0.171875
0.335938
-0.0078125
-0.609375
0.0703125
0.101563
0.273438
-0.210938
-0.359375
0.429688
-0.265625
0
0.351563
-0.0390625
0.0625
-0.203125
-0.117188
-0.429688
-0.078125
0.21875
-0.320313
0.0703125
-0.0703125
-0.0625
0.554688
-0.28125
-0.203125
-0.109375
-0.078125
-0.382813
-0.132813
0.164063
-0.117188
-0.0078125
-0.109375
0.140625
0.53125
0.320313
0.304688
0.0703125
-0.570313
-0.0859375
0.195313
0
-0.0546875
0.0078125
0.1875
-0.0078125
0.195313
0.242188
-0.171875
0.523438
0
-0.265625
-0.046875
-0.046875
0.101563
0.03125
-0.765625
0.382813
-0.21875
0.242188
0
0.0859375
-0.734375
0.367188
-0.414063
-0.640625
0.554688
-0.304688
0.320313
-0.101563
0.179688
-0.398438
0.21875
0.351563
-0.757813
0.3125
-0.734375
-0.0546875
0.546875
-0.304688
0.523438
0.03125
0.265625
-0.421875
0.242188
0.125
0.132813
0.421875
-0.296875
-0.507813
0.164063
0.171875
0.148438
-0.273438
-0.140625
0.390625
-0.28125
0.132813
0.140625
0.09375
-0.210938
0.117188
-0.40625
-0.210938
-0.210938
0.234375
-0.359375
0.015625
0.164063
0.109375
0.398438
-0.390625
-0.164063
-0.265625
-0.0078125
-0.234375
-0.25
0.226563
-0.0625
-0.09375
-0.046875
0.203125
0.617188
0.195313
0.210938
-0.046875
-0.445313
-0.0703125
0.242188
-0.117188
-0.195313
0.257813
0.046875
0.148438
0.304688
-0.171875
0.335938
0.304688
-0.0859375
-0.15625
-0.046875
-0.335938
0.15625
-0.179688
-0.28125
-0.125
0.0390625
0.625
-0.4375
-0.375
0.203125
-0.507813
-0.265625
-0.0625
0.335938
-0.226563
0.382813
-0.140625
-0.476563
0.273438
0.101563
-0.164063
0.125
-0.789063
0.15625
-0.0703125
0.367188
-0.304688
0.5625
0.0546875
-0.195313
0.132813
-0.117188
0.515625
0.0703125
0.203125
-0.265625
-0.367188
0.0625
0.359375
-0.1875
-0.0546875
-0.0859375
0.210938
-0.140625
0.0390625
0.234375
0.03125
-0.359375
0.210938
-0.570313
0.0234375
-0.0859375
0.0703125
-0.140625
-0.226563
0.125
0.242188
0.09375
-0.203125
-0.242188
-0.09375
-0.109375
-0.335938
-0.109375
0.3125
-0.210938
-0.164063
0.25
0.109375
0.59375
0.382813
0
-0.179688
-0.320313
-0.046875
0.171875
-0.0625
-0.125
0.25
0.03125
0.0546875
0.328125
-0.132813
0.273438
0.140625
-0.015625
-0.3125
0.132813
-0.4375
0.382813
-0.0234375
-0.84375
0.46875
-0.3125
0.453125
-0.164063
-0.257813
-0.15625
-0.09375
-0.078125
-0.617188
0.492188
-0.296875
0.359375
-0.164063
-0.03125
-0.179688
0.289063
0.140625
-0.625
0.109375
-0.484375
-0.15625
0.59375
-0.375
0.65625
-0.0546875
0.242188
-0.328125
0.148438
0.3125
-0.015625
0.3125
-0.25
-0.5
0.140625
0.265625
0.0234375
-0.1875
-0.109375
0.328125
-0.234375
0.140625
0.148438
0.078125
-0.265625
0.164063
-0.507813
-0.09375
-0.273438
0.226563
-0.367188
0.03125
0.1875
0.09375
0.40625
-0.382813
-0.203125
-0.289063
0.0390625
-0.226563
-0.242188
0.226563
-0.09375
-0.09375
-0.078125
0.257813
0.53125
0.265625
0.179688
-0.015625
-0.4375
-0.140625
0.226563
0.0234375
-0.21875
0.21875
0.0546875
0.09375
0.265625
-0.0546875
0.265625
0.210938
0.0390625
-0.226563
-0.15625
-0.164063
-0.078125
0.195313
-0.625
-0.0703125
0.101563
0.492188
-0.304688
-0.164063
-0.15625
-0.015625
-0.375
-0.40625
0.421875
-0.25
0.382813
-0.273438
0.0234375
-0.132813
0.132813
0.28125
-0.453125
-0.132813
-0.351563
-0.078125
0.484375
-0.367188
0.59375
0.0078125
0.179688
-0.265625
0.0703125
0.351563
0.0234375
0.367188
-0.0703125
-0.609375
0.125
0.140625
0.203125
-0.148438
-0.390625
0.453125
-0.28125
0.046875
0.304688
-0.015625
-0.015625
-0.109375
-0.21875
-0.3125
-0.15625
0.265625
-0.351563
0.046875
0.0234375
-0.046875
0.492188
-0.304688
-0.21875
-0.117188
-0.0546875
-0.375
-0.117188
0.203125
-0.171875
0.0234375
-0.125
0.148438
0.546875
0.296875
0.242188
0.0546875
-0.554688
-0.0625
0.179688
0.0234375
-0.0546875
0.0234375
0.148438
-0.0390625
0.171875
0.234375
-0.140625
0.5
-0.078125
-0.265625
-0.0078125
-0.09375
0.117188
0.03125
-0.710938
0.304688
-0.234375
0.320313
-0.046875
-0.0234375
-0.515625
0.210938
-0.265625
-0.664063
0.554688
-0.335938
0.382813
-0.132813
-0.0078125
-0.195313
0.257813
0.21875
-0.671875
0.203125
-0.625
-0.101563
0.570313
-0.242188
0.484375
0.0546875
0.265625
-0.429688
0.21875
0.140625
0.117188
0.398438
-0.28125
-0.492188
0.148438
0.210938
0.132813
-0.226563
-0.1875
0.351563
-0.234375
0.140625
0.148438
0.109375
-0.21875
0.0859375
-0.40625
-0.234375
-0.203125
0.234375
-0.390625
0.0390625
0.171875
0.078125
0.398438
-0.320313
-0.226563
-0.25
0.0234375
-0.25
-0.226563
0.164063
-0.0703125
-0.125
-0.0703125
0.234375
0.5
0.3125
0.234375
-0.0390625
-0.4375
-0.164063
0.242188
0.015625
-0.234375
0.1875
0.0703125
0.109375
0.265625
-0.046875
0.257813
0.289063
0
-0.21875
-0.132813
-0.164063
-0.0859375
0.15625
-0.53125
-0.148438
0.179688
0.46875
-0.335938
-0.179688
-0.0625
-0.125
-0.335938
-0.320313
0.414063
-0.257813
0.414063
-0.328125
-0.109375
0.046875
0.0234375
0.226563
-0.273438
-0.414063
-0.140625
-0.101563
0.46875
-0.414063
0.65625
-0.078125
0.0703125
-0.101563
-0.0703125
0.476563
0.0234375
0.289063
-0.078125
-0.585938
0.132813
0.28125
0.046875
-0.109375
-0.328125
0.398438
-0.257813
-0.015625
0.359375
-0.0390625
-0.140625
0.0390625
-0.351563
-0.148438
-0.171875
0.210938
-0.265625
-0.101563
0.0703125
0.132813
0.289063
-0.257813
-0.226563
-0.125
-0.0703125
-0.367188
-0.140625
0.28125
-0.25
-0.046875
0.078125
0.0625
0.609375
0.335938
0.09375
-0.0703125
-0.414063
-0.0546875
0.21875
-0.0625
-0.125
0.210938
0.0703125
0.0390625
0.296875
-0.109375
0.273438
0.195313
-0.0546875
-0.296875
0.140625
-0.46875
0.34375
-0.0078125
-0.710938
0.296875
-0.1875
0.515625
-0.273438
-0.398438
0.117188
-0.34375
0.0390625
-0.460938
0.421875
-0.265625
0.375
-0.15625
-0.28125
0.09375
0.179688
0.0703125
-0.382813
-0.203125
-0.226563
-0.15625
0.539063
-0.445313
0.75
-0.117188
0.125
-0.15625
-0.03125
0.507813
-0.0390625
0.164063
-0.164063
-0.46875
0.109375
0.40625
-0.140625
-0.132813
-0.046875
0.226563
-0.171875
0.0390625
0.210938
0.046875
-0.289063
0.132813
-0.507813
0.0703125
-0.203125
-0.0859375
-0.03125
-0.140625
0.140625
0.34375
0.140625
-0.320313
-0.226563
-0.109375
-0.117188
-0.1875
-0.273438
0.25
-0.140625
-0.09375
0.171875
0.101563
0.71875
0.203125
0.0234375
-0.148438
-0.390625
0.101563
0.28125
-0.273438
-0.0703125
0.179688
-0.015625
0.195313
0.320313
-0.179688
0.3125
0.265625
-0.125
-0.210938
0.15625
-0.4375
0.359375
-0.507813
-0.117188
0
0.0625
0.492188
-0.34375
-0.554688
0.484375
-0.757813
-0.335938
0.171875
0.1875
-0.046875
0.234375
0.015625
-0.570313
0.398438
0.210938
-0.4375
0.3125
-0.882813
0.226563
0.09375
0.179688
-0.117188
0.445313
0.0625
-0.273438
0.179688
-0.0546875
0.476563
0.125
0.171875
-0.382813
-0.25
0.0234375
0.414063
-0.195313
-0.1875
0.0859375
0.0859375
-0.117188
0.09375
0.210938
0.0390625
-0.328125
0.125
-0.515625
-0.0078125
0.015625
-0.0390625
-0.0390625
-0.234375
0.0390625
0.375
0.015625
-0.195313
-0.171875
-0.117188
-0.148438
-0.28125
-0.101563
0.226563
-0.171875
-0.148438
0.1875
0.210938
0.515625
0.382813
0.0625
-0.328125
-0.234375
0.03125
0.140625
-0.101563
-0.148438
0.304688
-0.03125
0.132813
0.375
-0.304688
0.5
0.0625
-0.109375
-0.21875
0.1875
-0.523438
0.3125
-0.117188
-0.46875
0.117188
-0.125
0.5625
-0.164063
-0.84375
0.546875
-0.671875
0.0078125
-0.109375
0.234375
-0.125
0.351563
-0.0703125
-0.546875
0.289063
0.21875
-0.195313
-0.046875
-0.609375
0.0390625
-0.0703125
0.414063
-0.359375
0.6875
-0.0390625
-0.0859375
0.078125
-0.132813
0.601563
0.0703125
-0.015625
-0.1875
-0.375
0.078125
0.453125
-0.226563
-0.140625
0.101563
0.09375
-0.046875
0.0234375
0.234375
-0.0390625
-0.226563
-0.0234375
-0.53125
0.109375
-0.0546875
-0.3125
0.117188
-0.09375
0.0546875
0.46875
-0.0390625
-0.304688
-0.273438
-0.0234375
-0.171875
-0.1875
-0.140625
0.171875
-0.132813
-0.132813
0.3125
0.195313
0.625
0.242188
-0.0390625
-0.273438
-0.3125
0.210938
0.195313
-0.273438
0.09375
0.109375
0.0390625
0.210938
0.140625
0.046875
0.28125
0.101563
-0.203125
-0.257813
0.0546875
-0.296875
0.375
-0.65625
-0.125
0.210938
0.289063
-0.0546875
-0.140625
-0.335938
0.203125
-0.484375
-0.40625
0.367188
-0.164063
0.289063
-0.203125
-0.03125
-0.132813
0.109375
0.34375
-0.398438
-0.21875
-0.34375
-0.0234375
0.46875
-0.40625
0.585938
0.046875
0.078125
-0.164063
0
0.359375
0.140625
0.328125
-0.0703125
-0.609375
0.109375
0.242188
0.117188
-0.132813
-0.375
0.4375
-0.28125
0
0.375
-0.046875
-0.0859375
0.0078125
-0.328125
-0.25
-0.09375
0.203125
-0.320313
-0.046875
0.0546875
0.0390625
0.367188
-0.234375
-0.304688
-0.0859375
-0.0625
-0.398438
-0.140625
0.304688
-0.210938
-0.09375
0.101563
0.101563
0.570313
0.367188
0.078125
-0.0859375
-0.375
0.0390625
0.046875
-0.203125
0.242188
0.171875
0.179688
0.078125
-0.09375
0.109375
0.046875
0.398438
-0.171875
-0.273438
0.179688
-0.304688
0.453125
-0.21875
-0.257813
0.34375
-0.226563
-0.125
-0.140625
-0.078125
-0.125
-0.203125
0.078125
-0.140625
-0.0390625
-0.0625
0.0390625
0.0390625
-0.015625
-0.078125
0.25
-0.0625
-0.34375
-0.046875
-0.046875
0.015625
0.078125
-0.117188
0.171875
0.09375
0.179688
0.125
0.171875
0.304688
-0.0390625
0.195313
-0.242188
-0.164063
-0.0078125
0.117188
-0.125
-0.164063
0.109375
-0.0390625
-0.0234375
0.367188
0.0703125
0.25
-0.25
0
-0.3125
0.0703125
-0.09375
-0.179688
-0.25
-0.210938
0.125
0.210938
0.015625
-0.0546875
-0.148438
-0.1875
-0.0703125
-0.195313
-0.0625
0.210938
-0.03125
-0.0859375
0.148438
0.109375
0.367188
0.210938
-0.0234375
-0.117188
-0.0546875
0.101563
-0.0625
0.195313
0.15625
-0.046875
0.117188
-0.109375
0.015625
0.21875
0.132813
0.132813
0
-0.101563
-0.0234375
0.0625
-0.0078125
-0.03125
-0.0703125
-0.101563
-0.242188
-0.078125
-0.0234375
-0.21875
0.0234375
0.046875
-0.179688
0.0078125
0.0703125
-0.0625
0
-0.03125
-0.046875
-0.109375
0.210938
-0.117188
